55.944425 -3.188396 NNW 55.94470216385976 -3.1885108050297095 0.000000 250.000000
55.94470216385976 -3.1885108050297095 NNW 55.944979327719516 -3.188625610059419 0.000000 250.000000
55.944979327719516 -3.188625610059419 NNW 55.94525649157927 -3.1887404150891285 33.176119 330.838395
55.94525649157927 -3.1887404150891285 ESE 55.94514168654956 -3.188463251229375 33.176119 330.838395
55.94514168654956 -3.188463251229375 ESE 55.94502688151985 -3.1881860873696217 33.176119 330.838395
55.94502688151985 -3.1881860873696217 ESE 55.94491207649014 -3.1879089235098683 33.176119 330.838395
55.94491207649014 -3.1879089235098683 ESE 55.94479727146043 -3.187631759650115 33.176119 330.838395
55.94479727146043 -3.187631759650115 ESE 55.94468246643072 -3.1873545957903615 33.176119 330.838395
55.94468246643072 -3.1873545957903615 ESE 55.94456766140101 -3.187077431930608 33.176119 330.838395
55.94456766140101 -3.187077431930608 ESE 55.9444528563713 -3.1868002680708547 33.176119 330.838395
55.9444528563713 -3.1868002680708547 ESE 55.94433805134159 -3.1865231042111013 33.176119 330.838395
55.94433805134159 -3.1865231042111013 ESE 55.94422324631188 -3.186245940351348 33.176119 330.838395
55.94422324631188 -3.186245940351348 ESE 55.94410844128217 -3.1859687764915945 33.176119 330.838395
55.94410844128217 -3.1859687764915945 ESE 55.94399363625246 -3.185691612631841 33.176119 330.838395
55.94399363625246 -3.185691612631841 ESE 55.94387883122275 -3.1854144487720877 33.176119 330.838395
55.94387883122275 -3.1854144487720877 ESE 55.94376402619304 -3.1851372849123343 150.973249 408.985952
55.94376402619304 -3.1851372849123343 NW 55.94397615822739 -3.18534941694669 150.973249 408.985952
55.94397615822739 -3.18534941694669 NW 55.94418829026175 -3.185561548981046 150.973249 408.985952
55.94418829026175 -3.185561548981046 NW 55.944400422296106 -3.1857736810154016 150.973249 408.985952
55.944400422296106 -3.1857736810154016 NW 55.94461255433046 -3.1859858130497574 150.973249 408.985952
55.94461255433046 -3.1859858130497574 WNW 55.94472735936017 -3.1862629769095108 150.973249 408.985952
55.94472735936017 -3.1862629769095108 NW 55.94493949139453 -3.1864751089438665 175.693057 436.724377
55.94493949139453 -3.1864751089438665 SE 55.94472735936017 -3.1862629769095108 175.693057 436.724377
55.94472735936017 -3.1862629769095108 SE 55.944515227325816 -3.186050844875155 175.693057 436.724377
55.944515227325816 -3.186050844875155 SE 55.94430309529146 -3.1858387128407992 175.693057 436.724377
55.94430309529146 -3.1858387128407992 SE 55.9440909632571 -3.1856265808064435 175.693057 436.724377
55.9440909632571 -3.1856265808064435 SE 55.94387883122275 -3.1854144487720877 175.693057 436.724377
55.94387883122275 -3.1854144487720877 SE 55.94366669918839 -3.185202316737732 175.693057 436.724377
55.94366669918839 -3.185202316737732 SSE 55.943389535328635 -3.1850875117080224 175.693057 436.724377
55.943389535328635 -3.1850875117080224 SE 55.94317740329428 -3.1848753796736666 175.693057 436.724377
55.94317740329428 -3.1848753796736666 SSE 55.94290023943452 -3.184760574643957 259.023215 534.450030
55.94290023943452 -3.184760574643957 WNW 55.94301504446423 -3.1850377385037105 259.023215 534.450030
55.94301504446423 -3.1850377385037105 WNW 55.94312984949394 -3.185314902363464 259.023215 534.450030
55.94312984949394 -3.185314902363464 WNW 55.94324465452365 -3.1855920662232173 259.023215 534.450030
55.94324465452365 -3.1855920662232173 WNW 55.94335945955336 -3.1858692300829707 259.023215 534.450030
55.94335945955336 -3.1858692300829707 WNW 55.943474264583074 -3.186146393942724 259.023215 534.450030
55.943474264583074 -3.186146393942724 WNW 55.943589069612784 -3.1864235578024775 259.023215 534.450030
55.943589069612784 -3.1864235578024775 WNW 55.943703874642495 -3.186700721662231 259.023215 534.450030
55.943703874642495 -3.186700721662231 WNW 55.943818679672205 -3.1869778855219844 259.023215 534.450030
55.943818679672205 -3.1869778855219844 W 55.943818679672205 -3.1872778855219845 259.023215 534.450030
55.943818679672205 -3.1872778855219845 WNW 55.943933484701915 -3.187555049381738 259.023215 534.450030
55.943933484701915 -3.187555049381738 W 55.943933484701915 -3.187855049381738 259.023215 534.450030
55.943933484701915 -3.187855049381738 WNW 55.944048289731626 -3.1881322132414915 331.742625 636.847248
55.944048289731626 -3.1881322132414915 W 55.944048289731626 -3.1884322132414917 331.742625 636.847248
55.944048289731626 -3.1884322132414917 W 55.944048289731626 -3.188732213241492 331.742625 636.847248
55.944048289731626 -3.188732213241492 W 55.944048289731626 -3.189032213241492 331.742625 636.847248
55.944048289731626 -3.189032213241492 W 55.944048289731626 -3.1893322132414923 331.742625 636.847248
55.944048289731626 -3.1893322132414923 W 55.944048289731626 -3.1896322132414925 331.742625 636.847248
55.944048289731626 -3.1896322132414925 W 55.944048289731626 -3.1899322132414927 331.742625 636.847248
55.944048289731626 -3.1899322132414927 WNW 55.944163094761336 -3.190209377101246 331.742625 636.847248
55.944163094761336 -3.190209377101246 W 55.944163094761336 -3.1905093771012463 331.742625 636.847248
55.944163094761336 -3.1905093771012463 WNW 55.94427789979105 -3.1907865409609997 331.742625 636.847248
55.94427789979105 -3.1907865409609997 W 55.94427789979105 -3.191086540961 388.433205 744.128777
55.94427789979105 -3.191086540961 ENE 55.94439270482076 -3.1908093771012465 388.433205 744.128777
55.94439270482076 -3.1908093771012465 ENE 55.94450750985047 -3.190532213241493 388.433205 744.128777
55.94450750985047 -3.190532213241493 ENE 55.94462231488018 -3.1902550493817396 388.433205 744.128777
55.94462231488018 -3.1902550493817396 E 55.94462231488018 -3.1899550493817395 388.433205 744.128777
55.94462231488018 -3.1899550493817395 ENE 55.94473711990989 -3.189677885521986 388.433205 744.128777
55.94473711990989 -3.189677885521986 E 55.94473711990989 -3.189377885521986 388.433205 744.128777
55.94473711990989 -3.189377885521986 ENE 55.9448519249396 -3.1891007216622325 388.433205 744.128777
55.9448519249396 -3.1891007216622325 E 55.9448519249396 -3.1888007216622323 388.433205 744.128777
55.9448519249396 -3.1888007216622323 ENE 55.94496672996931 -3.188523557802479 388.433205 744.128777
55.94496672996931 -3.188523557802479 E 55.94496672996931 -3.1882235578024787 388.433205 744.128777
55.94496672996931 -3.1882235578024787 ENE 55.94508153499902 -3.1879463939427253 388.433205 744.128777
55.94508153499902 -3.1879463939427253 E 55.94508153499902 -3.187646393942725 388.433205 744.128777
55.94508153499902 -3.187646393942725 ENE 55.94519634002873 -3.1873692300829717 449.800981 807.920688
55.94519634002873 -3.1873692300829717 E 55.94519634002873 -3.1870692300829715 449.800981 807.920688
55.94519634002873 -3.1870692300829715 E 55.94519634002873 -3.1867692300829713 449.800981 807.920688
55.94519634002873 -3.1867692300829713 E 55.94519634002873 -3.186469230082971 449.800981 807.920688
55.94519634002873 -3.186469230082971 ENE 55.94531114505844 -3.1861920662232177 449.800981 807.920688
55.94531114505844 -3.1861920662232177 E 55.94531114505844 -3.1858920662232175 449.800981 807.920688
55.94531114505844 -3.1858920662232175 ENE 55.94542595008815 -3.185614902363464 449.800981 807.920688
55.94542595008815 -3.185614902363464 E 55.94542595008815 -3.185314902363464 449.800981 807.920688
55.94542595008815 -3.185314902363464 ENE 55.94554075511786 -3.1850377385037105 449.800981 807.920688
55.94554075511786 -3.1850377385037105 E 55.94554075511786 -3.1847377385037103 535.608227 921.116491
55.94554075511786 -3.1847377385037103 WSW 55.94542595008815 -3.1850149023634637 535.608227 921.116491
55.94542595008815 -3.1850149023634637 WSW 55.94531114505844 -3.185292066223217 535.608227 921.116491
55.94531114505844 -3.185292066223217 WSW 55.94519634002873 -3.1855692300829705 535.608227 921.116491
55.94519634002873 -3.1855692300829705 WSW 55.94508153499902 -3.185846393942724 535.608227 921.116491
55.94508153499902 -3.185846393942724 WSW 55.94496672996931 -3.1861235578024774 535.608227 921.116491
55.94496672996931 -3.1861235578024774 WSW 55.9448519249396 -3.1864007216622308 535.608227 921.116491
55.9448519249396 -3.1864007216622308 WSW 55.94473711990989 -3.186677885521984 535.608227 921.116491
55.94473711990989 -3.186677885521984 WSW 55.94462231488018 -3.1869550493817376 535.608227 921.116491
55.94462231488018 -3.1869550493817376 WSW 55.94450750985047 -3.187232213241491 535.608227 921.116491
55.94450750985047 -3.187232213241491 WSW 55.94439270482076 -3.1875093771012444 535.608227 921.116491
55.94439270482076 -3.1875093771012444 WSW 55.94427789979105 -3.187786540960998 535.608227 921.116491
55.94427789979105 -3.187786540960998 WSW 55.944163094761336 -3.188063704820751 535.608227 921.116491
55.944163094761336 -3.188063704820751 WSW 55.944048289731626 -3.1883408686805046 535.608227 921.116491
55.944048289731626 -3.1883408686805046 WSW 55.943933484701915 -3.188618032540258 535.608227 921.116491
55.943933484701915 -3.188618032540258 WSW 55.943818679672205 -3.1888951964000114 535.608227 921.116491
55.943818679672205 -3.1888951964000114 WSW 55.943703874642495 -3.189172360259765 535.608227 921.116491
55.943703874642495 -3.189172360259765 WSW 55.943589069612784 -3.189449524119518 535.608227 921.116491
55.943589069612784 -3.189449524119518 WSW 55.943474264583074 -3.1897266879792716 535.608227 921.116491
55.943474264583074 -3.1897266879792716 WSW 55.94335945955336 -3.190003851839025 535.608227 921.116491
55.94335945955336 -3.190003851839025 WSW 55.94324465452365 -3.1902810156987784 535.608227 921.116491
55.94324465452365 -3.1902810156987784 WSW 55.94312984949394 -3.190558179558532 535.608227 921.116491
55.94312984949394 -3.190558179558532 WSW 55.94301504446423 -3.1908353434182852 535.608227 921.116491
55.94301504446423 -3.1908353434182852 WSW 55.94290023943452 -3.1911125072780386 587.103110 992.827622
55.94290023943452 -3.1911125072780386 ENE 55.94301504446423 -3.1908353434182852 587.103110 992.827622
55.94301504446423 -3.1908353434182852 ENE 55.94312984949394 -3.190558179558532 587.103110 992.827622
55.94312984949394 -3.190558179558532 NE 55.9433419815283 -3.190346047524176 587.103110 992.827622
55.9433419815283 -3.190346047524176 ENE 55.94345678655801 -3.1900688836644226 587.103110 992.827622
55.94345678655801 -3.1900688836644226 NE 55.943668918592365 -3.189856751630067 587.103110 992.827622
55.943668918592365 -3.189856751630067 ENE 55.943783723622076 -3.1895795877703135 587.103110 992.827622
55.943783723622076 -3.1895795877703135 NE 55.94399585565643 -3.1893674557359577 587.103110 992.827622
55.94399585565643 -3.1893674557359577 ENE 55.94411066068614 -3.1890902918762043 587.103110 992.827622
55.94411066068614 -3.1890902918762043 NE 55.9443227927205 -3.1888781598418485 587.103110 992.827622
55.9443227927205 -3.1888781598418485 ENE 55.94443759775021 -3.188600995982095 587.103110 992.827622
55.94443759775021 -3.188600995982095 NE 55.944649729784565 -3.1883888639477393 587.103110 992.827622
55.944649729784565 -3.1883888639477393 ENE 55.944764534814276 -3.188111700087986 587.103110 992.827622
55.944764534814276 -3.188111700087986 NE 55.94497666684863 -3.18789956805363 587.103110 992.827622
55.94497666684863 -3.18789956805363 ENE 55.94509147187834 -3.1876224041938768 587.103110 992.827622
55.94509147187834 -3.1876224041938768 NE 55.9453036039127 -3.187410272159521 596.955701 1049.598287
55.9453036039127 -3.187410272159521 SW 55.94509147187834 -3.1876224041938768 596.955701 1049.598287
55.94509147187834 -3.1876224041938768 SW 55.944879339843986 -3.1878345362282325 596.955701 1049.598287
55.944879339843986 -3.1878345362282325 SW 55.94466720780963 -3.1880466682625883 596.955701 1049.598287
55.94466720780963 -3.1880466682625883 SW 55.944455075775274 -3.188258800296944 596.955701 1049.598287
55.944455075775274 -3.188258800296944 SW 55.94424294374092 -3.1884709323313 596.955701 1049.598287
55.94424294374092 -3.1884709323313 SW 55.94403081170656 -3.1886830643656556 596.955701 1049.598287
55.94403081170656 -3.1886830643656556 WSW 55.94391600667685 -3.188960228225409 596.955701 1049.598287
55.94391600667685 -3.188960228225409 SW 55.943703874642495 -3.189172360259765 596.955701 1049.598287
55.943703874642495 -3.189172360259765 WSW 55.943589069612784 -3.189449524119518 643.534783 1125.864733
55.943589069612784 -3.189449524119518 WNW 55.943703874642495 -3.1897266879792716 643.534783 1125.864733
55.943703874642495 -3.1897266879792716 W 55.943703874642495 -3.190026687979272 643.534783 1125.864733
55.943703874642495 -3.190026687979272 WNW 55.943818679672205 -3.190303851839025 665.259118 1202.395215
55.943818679672205 -3.190303851839025 E 55.943818679672205 -3.190003851839025 665.259118 1202.395215
55.943818679672205 -3.190003851839025 E 55.943818679672205 -3.189703851839025 665.259118 1202.395215
55.943818679672205 -3.189703851839025 E 55.943818679672205 -3.1894038518390246 665.259118 1202.395215
55.943818679672205 -3.1894038518390246 E 55.943818679672205 -3.1891038518390245 665.259118 1202.395215
55.943818679672205 -3.1891038518390245 E 55.943818679672205 -3.1888038518390243 665.259118 1202.395215
55.943818679672205 -3.1888038518390243 ESE 55.943703874642495 -3.188526687979271 665.259118 1202.395215
55.943703874642495 -3.188526687979271 E 55.943703874642495 -3.1882266879792707 665.259118 1202.395215
55.943703874642495 -3.1882266879792707 ESE 55.943589069612784 -3.1879495241195173 665.259118 1202.395215
55.943589069612784 -3.1879495241195173 E 55.943589069612784 -3.187649524119517 665.259118 1202.395215
55.943589069612784 -3.187649524119517 ESE 55.943474264583074 -3.1873723602597637 665.259118 1202.395215
55.943474264583074 -3.1873723602597637 E 55.943474264583074 -3.1870723602597635 665.259118 1202.395215
55.943474264583074 -3.1870723602597635 ESE 55.94335945955336 -3.18679519640001 665.259118 1202.395215
55.94335945955336 -3.18679519640001 E 55.94335945955336 -3.18649519640001 665.259118 1202.395215
55.94335945955336 -3.18649519640001 ESE 55.94324465452365 -3.1862180325402565 665.259118 1202.395215
55.94324465452365 -3.1862180325402565 E 55.94324465452365 -3.1859180325402563 665.259118 1202.395215
55.94324465452365 -3.1859180325402563 ESE 55.94312984949394 -3.185640868680503 665.259118 1202.395215
55.94312984949394 -3.185640868680503 E 55.94312984949394 -3.1853408686805027 665.259118 1202.395215
55.94312984949394 -3.1853408686805027 ESE 55.94301504446423 -3.1850637048207493 665.259118 1202.395215
55.94301504446423 -3.1850637048207493 E 55.94301504446423 -3.184763704820749 770.442074 1288.860117
55.94301504446423 -3.184763704820749 NW 55.94322717649859 -3.184975836855105 770.442074 1288.860117
55.94322717649859 -3.184975836855105 NW 55.943439308532945 -3.1851879688894607 770.442074 1288.860117
55.943439308532945 -3.1851879688894607 NW 55.9436514405673 -3.1854001009238164 770.442074 1288.860117
55.9436514405673 -3.1854001009238164 NW 55.94386357260166 -3.185612232958172 770.442074 1288.860117
55.94386357260166 -3.185612232958172 NW 55.94407570463601 -3.185824364992528 770.442074 1288.860117
55.94407570463601 -3.185824364992528 NW 55.94428783667037 -3.1860364970268837 770.442074 1288.860117
55.94428783667037 -3.1860364970268837 NW 55.944499968704726 -3.1862486290612395 770.442074 1288.860117
55.944499968704726 -3.1862486290612395 NNW 55.94477713256448 -3.186363434090949 770.442074 1288.860117
55.94477713256448 -3.186363434090949 NW 55.94498926459884 -3.186575566125305 770.442074 1288.860117
55.94498926459884 -3.186575566125305 NNW 55.945266428458595 -3.1866903711550143 839.260697 1385.138377
55.945266428458595 -3.1866903711550143 WSW 55.945151623428885 -3.1869675350147677 839.260697 1385.138377
55.945151623428885 -3.1869675350147677 WSW 55.945036818399174 -3.187244698874521 839.260697 1385.138377
55.945036818399174 -3.187244698874521 WSW 55.944922013369464 -3.1875218627342745 839.260697 1385.138377
55.944922013369464 -3.1875218627342745 WSW 55.94480720833975 -3.187799026594028 839.260697 1385.138377
55.94480720833975 -3.187799026594028 WSW 55.94469240331004 -3.1880761904537813 839.260697 1385.138377
55.94469240331004 -3.1880761904537813 WSW 55.94457759828033 -3.1883533543135347 839.260697 1385.138377
55.94457759828033 -3.1883533543135347 WSW 55.94446279325062 -3.188630518173288 839.260697 1385.138377
55.94446279325062 -3.188630518173288 WSW 55.94434798822091 -3.1889076820330415 839.260697 1385.138377
55.94434798